[{"id":"foot_right","coordinates":[-23.72185516357422,-49.43315124511719,2.3752267360687256],"uncertainty":{"pcvectors":[[-0.07451670795864263,-0.6291523274482573,0.7737018864533335],[-0.5495440713066116,0.6733271134542197,0.49460278201720836],[-0.8321349493482174,-0.38832711359606226,-0.3959210513718498]],"stddevs":[1.0113980656059975,1.0089776886751984,0.9905950894050457]}},{"id":"foot_left","coordinates":[34.7657356262207,-49.744163513183594,4.094465255737305],"uncertainty":{"pcvectors":[[0.0062197939785642725,-0.5472129262743649,0.8369703265236532],[-0.9146658943701591,0.33517217307247965,0.225933432837881],[-0.4041628580645453,-0.7669534716761622,-0.49843229875779527]],"stddevs":[1.0248562201950506,1.0131049570253334,0.9947508241884317]}},{"id":"nose","coordinates":[0.9413654804229736,25.676979064941406,31.772472381591797],"uncertainty":{"pcvectors":[[-0.2585620890837675,0.8725407598273458,0.41450967241857667],[-0.9654215159751917,-0.21863018286777341,-0.14199344925512253],[-0.03327074662223603,-0.4368906792083366,0.8988990999217196]],"stddevs":[1.002290377518115,0.9943355338917557,0.9899328451078833]}},{"id":"right_hand","coordinates":[-34.438873291015625,39.44567108154297,29.36516761779785],"uncertainty":{"pcvectors":[[0.2034450575999883,0.18644626587749333,0.9611700674066356],[-0.9552550842728856,-0.17747860784797898,0.23662009155425806],[0.21470405797035982,-0.9663017818966714,0.14199659782677196]],"stddevs":[1.0043205978108898,1.0001814772315665,0.9715571126606296]}},{"id":"left_hand","coordinates":[35.43495178222656,31.450166702270508,37.5653076171875],"uncertainty":{"pcvectors":[[-0.5361186561067982,-0.4153092708846104,0.7349115566457869],[0.021245749916681555,-0.8769639209713257,-0.48008634580154086],[0.8438752305197248,-0.24176949938297027,0.47898027567258933]],"stddevs":[1.0124208481494903,0.9924165078834021,0.9858465036827294]}},{"id":"tail","coordinates":[3.856720209121704,-22.707809448242188,-37.98582458496094],"uncertainty":{"pcvectors":[[-0.7199979391563309,-0.6028722852091981,-0.3437265996941112],[0.4882653924609507,-0.08810160952874052,-0.8682367263156971],[0.4931529926256052,-0.7929584567460547,0.3577946502385481]],"stddevs":[1.0201096790428608,1.0032442060388678,0.9865861538402572]}},{"id":"ear_right","coordinates":[-14.91106128692627,48.96715545654297,16.87196159362793],"uncertainty":{"pcvectors":[[-0.7947035763978652,0.023551419042523343,-0.606540646883229],[0.5618290297408707,-0.34971067940554895,-0.7497003281646215],[-0.22977024829353732,-0.9365616751558831,0.2646844567184357]],"stddevs":[1.008015235315875,1.0044494527237238,0.9916146693786768]}},{"id":"ear_left","coordinates":[14.974689483642578,49.32376480102539,20.418880462646484],"uncertainty":{"pcvectors":[[-0.20550075746992688,-0.2968372527797114,0.9325540649428752],[0.8795587388852149,-0.473843666677574,0.0429953997562866],[0.42912220116178684,0.8290716645210752,0.3584610321336438]],"stddevs":[1.0000956628019675,0.9908865691572742,0.9654875420485969]}},{"id":"foot_right_heel","coordinates":[-9.3458251953125,-48.863800048828125,-20.207630157470703],"uncertainty":{"pcvectors":[[1.0,0.0,0.0],[0.0,1.0,0.0],[0.0,0.0,1.0]],"stddevs":[1.0,1.0,1.0]}},{"id":"foot_left_heel","coordinates":[15.585563659667969,-48.708831787109375,-16.423254013061523],"uncertainty":{"pcvectors":[[1.0,0.0,0.0],[0.0,1.0,0.0],[0.0,0.0,1.0]],"stddevs":[1.0,1.0,1.0]}},{"id":"knee_right","coordinates":[-21.0553035736084,-22.58216667175293,0.9096284508705139],"uncertainty":{"pcvectors":[[1.0,0.0,0.0],[0.0,1.0,0.0],[0.0,0.0,1.0]],"stddevs":[1.0,1.0,1.0]}},{"id":"knee_left","coordinates":[27.39510726928711,-20.112642288208008,1.5866779088974],"uncertainty":{"pcvectors":[[1.0,0.0,0.0],[0.0,1.0,0.0],[0.0,0.0,1.0]],"stddevs":[1.0,1.0,1.0]}},{"id":"thumb_right","coordinates":[-31.96390724182129,45.52780532836914,21.957843780517578],"uncertainty":{"pcvectors":[[1.0,0.0,0.0],[0.0,1.0,0.0],[0.0,0.0,1.0]],"stddevs":[1.0,1.0,1.0]}},{"id":"thumb_left","coordinates":[33.895755767822266,42.02767562866211,29.29482650756836],"uncertainty":{"pcvectors":[[1.0,0.0,0.0],[0.0,1.0,0.0],[0.0,0.0,1.0]],"stddevs":[1.0,1.0,1.0]}},{"id":"elbow_right","coordinates":[-27.83080291748047,16.70864486694336,1.2764177322387695],"uncertainty":{"pcvectors":[[1.0,0.0,0.0],[0.0,1.0,0.0],[0.0,0.0,1.0]],"stddevs":[1.0,1.0,1.0]}},{"id":"elbow_left","coordinates":[34.50714111328125,23.334543228149414,6.629665374755859],"uncertainty":{"pcvectors":[[1.0,0.0,0.0],[0.0,1.0,0.0],[0.0,0.0,1.0]],"stddevs":[1.0,1.0,1.0]}},{"id":"knee_back_right","coordinates":[-12.978850364685059,-24.701221466064453,-13.121085166931152],"uncertainty":{"pcvectors":[[1.0,0.0,0.0],[0.0,1.0,0.0],[0.0,0.0,1.0]],"stddevs":[1.0,1.0,1.0]}},{"id":"knee_back_left","coordinates":[17.972898483276367,-23.370891571044922,-9.966935157775879],"uncertainty":{"pcvectors":[[1.0,0.0,0.0],[0.0,1.0,0.0],[0.0,0.0,1.0]],"stddevs":[1.0,1.0,1.0]}},{"id":"elbow_outer_right","coordinates":[-26.3627872467041,20.306039810180664,9.829402923583984],"uncertainty":{"pcvectors":[[1.0,0.0,0.0],[0.0,1.0,0.0],[0.0,0.0,1.0]],"stddevs":[1.0,1.0,1.0]}},{"id":"elbow_outer_left","coordinates":[24.984642028808594,23.609540939331055,10.907548904418945],"uncertainty":{"pcvectors":[[1.0,0.0,0.0],[0.0,1.0,0.0],[0.0,0.0,1.0]],"stddevs":[1.0,1.0,1.0]}}]
